angel@debian:~/Desktop/roku-extracted/JRG.04E05537A$ xxd -g 1 -l 512 6_appfs_cramfs.bin
00000000: 00 00 00 00 00 00 00 00 69 6d 67 41 52 4d 63 43  ........imgARMcC
00000010: 70 72 6f 64 01 25 b2 53 0d 00 00 00 00 d0 81 00  prod.%.S........
00000020: 00 d0 81 00 00 00 00 00 00 00 00 00 00 00 00 00  ................
00000030: 00 00 00 00 e7 70 e5 68 00 00 00 00 00 00 00 00  .....p.h........
00000040: 00 00 00 00 00 00 00 00 00 00 00 00 00 00 00 00  ................
00000050: 00 00 00 00 00 00 00 00 00 00 00 00 00 00 00 00  ................
00000060: 00 00 00 00 00 00 00 00 00 00 00 00 00 00 00 00  ................
00000070: 00 00 00 00 00 00 00 00 00 00 00 00 00 00 00 00  ................
00000080: 00 00 00 00 00 00 00 00 00 00 00 00 00 00 00 00  ................
00000090: 00 00 00 00 00 00 00 00 00 00 00 00 00 00 00 00  ................
000000a0: 00 00 00 00 00 00 00 00 00 00 00 00 00 00 00 00  ................
000000b0: 00 00 00 00 00 00 00 00 00 00 00 00 2e 57 9c 08  .............W..
000000c0: d4 c5 90 f6 ef 3e 61 97 cf f5 52 da 59 c8 85 a9  .....>a...R.Y...
000000d0: 00 00 00 00 00 00 00 00 00 00 00 00 00 00 00 00  ................
000000e0: 00 00 00 00 00 00 00 00 00 00 00 00 00 00 00 00  ................
000000f0: 00 00 00 00 00 00 00 00 00 00 00 00 00 00 00 00  ................
00000100: 00 00 00 00 00 00 00 00 00 00 00 00 00 00 00 00  ................
00000110: 00 00 00 00 00 00 00 00 00 00 00 00 00 00 00 00  ................
00000120: 00 00 00 00 00 00 00 00 00 00 00 00 00 00 00 00  ................
00000130: 00 00 00 00 00 00 00 00 00 00 00 00 00 00 00 00  ................
00000140: 00 00 00 00 00 00 00 00 00 00 00 00 00 00 00 00  ................
00000150: 00 00 00 00 00 00 00 00 00 00 00 00 00 00 00 00  ................
00000160: 00 00 00 00 00 00 00 00 00 00 00 00 00 00 00 00  ................
00000170: 00 00 00 00 00 00 00 00 00 00 00 00 00 00 00 00  ................
00000180: 00 00 00 00 00 00 00 00 00 00 00 00 00 00 00 00  ................
00000190: 00 00 00 00 00 00 00 00 00 00 00 00 00 00 00 00  ................
000001a0: 00 00 00 00 00 00 00 00 00 00 00 00 00 00 00 00  ................
000001b0: 00 00 00 00 00 00 00 00 00 00 00 00 00 00 00 00  ................
000001c0: 00 00 00 00 00 00 00 00 00 00 00 00 00 00 00 00  ................
000001d0: 00 00 00 00 00 00 00 00 00 00 00 00 00 00 00 00  ................
000001e0: 00 00 00 00 00 00 00 00 00 00 00 00 00 00 00 00  ................
000001f0: 00 00 00 00 00 00 00 00 00 00 00 00 00 00 00 00  ................
angel@debian:~/Desktop/roku-extracted/JRG.04E05537A$ 
angel@debian:~/Desktop/roku-extracted/JRG.04E05537A$ strings -n 4 6_appfs_cramfs.bin | grep -Ei 'imgARM|ROMFS|cramfs|version|build|prod|key|encrypt|compress' | head -100
imgARMcCprod
Compressed ROMFS2PR
Compressed
keypad
AnnexHDecompressionTable1.bin
AnnexHDecompressionTable2.bin
!keY
tKEY
angel@debian:~/Desktop/roku-extracted/JRG.04E05537A$ 

angel@debian:~/Desktop/roku-extracted/JRG.04E05537A$ od -Ax -tx4 -N 256 6_appfs_cramfs.bin
000000 00000000 00000000 41676d69 43634d52
000010 646f7270 53b22501 0000000d 0081d000
000020 0081d000 00000000 00000000 00000000
000030 00000000 68e570e7 00000000 00000000
000040 00000000 00000000 00000000 00000000
*
0000b0 00000000 00000000 00000000 089c572e
0000c0 f690c5d4 97613eef da52f5cf a985c859
0000d0 00000000 00000000 00000000 00000000
*
000100
angel@debian:~/Desktop/roku-extracted/JRG.04E05537A$ 

angel@debian:~/Desktop/appfs-binwalk$ xxd -g 1 -l 64 5_uimage.bin
xxd: 5_uimage.bin: No such file or directory
angel@debian:~/Desktop/appfs-binwalk$ strings -n 8 5_uimage.bin | head -50
strings: '5_uimage.bin': No such file
angel@debian:~/Desktop/appfs-binwalk$ 

